139 151 166 311 370 392 439 440 441 454 461 502 503 505 520 522 526 527 533 593 619 737 742 789 827 835 861 875 891 921 922 1175 1185 1222
169 434 454 498 499 592 875
23 40 139 190 221 246 309 311 325 345 347 356 370 374 375 439 440 454 515 520 524 526 527 533 535 560 561 571 584 604 623 633 733 742 854 856 950 967 1144 1161 1172 1175 1196
503 538 539 540 553 604 669 711 876
23 47 50 60 114 132 135 139 151 169 189 190 197 200 226 256 265 297 298 299 311 312 325 333 343 347 349 369 370 371 374 386 392 410 420 427 428 430 434 437 439 440 441 450 461 465 478 496 497 498 499 500 501 502 503 505 511 513 516 520 524 531 533 549 553 559 561 568 590 592 593 604 605 633 669 701 702 710 711 722 724 729 731 733 750 761 763 772 779 788 805 843 845 856 857 861 864 867 875 876 888 889 895 925 935 943 944 975 980 982 990 1000 1019 1038 1040 1064 1076 1080 1088 1091 1092 1093 1098 1144 1156 1175 1185 1188 1196 1223 1226
25 31 90 195 326 370 438 440 441 503 511 586 592 593 722 731 734 805 875 922 963 975 1092 1093
45 53 166 171 256 370 371 386 410 439 535 623 633 634 640 669 831 853 856 857 921 1027 1054 1056 1057 1059 1064 1161
23 169 322 370 386 435 439 463 496 497 498 499 503 605 683 710 750 771 867 875 944 1125
165 174 362 370 414 443 794 992 1040 1115
30 126 157 170 296 301 322 370 413 443 581 676 715 722 728 758 782 835 878 941 1115 1215 1218 1234 1239
36 46 96 186 301 428 518 649 652 659 772 796 798 799 835 837 908 909 991 1119 1178 1226
70 181 443 466 755 918 1115
156 301 314 322 370 443 462 522 643 695 715 719 722 763 764 791 822 900 902 978 1017 1033 1097 1124
5 89 92 131 135 150 156 203 232 233 234 291 297 314 319 344 345 356 367 370 379 405 413 417 419 421 424 462 465 492 584 602 616 635 662 695 719 777 791 809 815 852 889 899 930 941 1000 1008 1013 1100 1117 1124 1135 1206 1234
17 59 63 72 91 95 97 98 99 135 149 174 197 204 205 226 232 238 266 297 301 322 339 350 354 355 364 370 385 398 408 410 413 414 420 422 423 424 426 434 443 474 545 549 550 601 603 611 642 643 657 673 690 700 720 722 724 725 729 731 735 747 752 763 764 767 792 794 816 822 833 837 844 853 854 857 863 870 875 888 889 900 944 990 993 994 1000 1013 1016 1027 1033 1040 1093 1098 1115 1162 1184 1187 1192 1195 1226 1232 1234 1235
5 10 17 36 41 46 69 72 89 92 95 97 98 126 129 130 132 134 135 148 150 168 181 182 186 189 197 202 205 212 225 226 238 240 255 288 290 292 297 298 301 314 320 322 330 331 333 350 357 359 364 370 376 386 396 398 413 421 424 428 434 443 462 466 468 472 473 475 478 489 490 510 512 518 522 550 553 559 581 582 586 594 615 616 641 642 643 649 656 657 658 659 660 662 673 676 708 709 711 715 719 722 723 724 725 727 729 730 731 735 755 756 758 762 763 764 767 770 772 783 791 797 799 809 810 816 822 834 835 837 844 867 870 872 875 882 888 889 893 896 901 902 919 928 932 935 937 938 941 943 944 970 974 984 990 991 993 994 1000 1002 1016 1017 1023 1033 1037 1051 1066 1076 1080 1098 1101 1115 1135 1154 1158 1189 1192 1226 1232 1234
49 89 101 128 132 135 153 189 233 238 297 298 301 330 333 357 359 370 428 443 450 506 643 660 662 688 722 729 730 731 735 791 810 816 837 839 845 882 889 897 937 938 941 944 1000 1023 1040 1069 1080 1088 1101 1103 1115 1187 1234
129 153 205 226 364 370 414 424 443 642 656 657 658 660 725 816 935 993 994 1016 1162
21 49 359 370 398 432 455 487 506 618 626 672 688 693 897 936 944 1000 1049 1103 1129 1205
126 133 153 181 207 208 220 278 283 286 287 288 290 292 370 443 538 539 540 544 604 643 711 715 731 758 767 791 823 824 882 919 924 928 944 962 970 1066 1080 1115 1168 1189 1213 1215 1234 1239


QN 00010
QU What is the role of Vitamin E in the therapy of patients with CF?
NR 00025
RD   30 2112  126 1001  157 2222  170 1112  296 1212  301 0001  322 0001
    370 1100  413 2222  443 1120  581 2222  676 2122  715 0010  722 0001
    728 1101  758 1000  782 1010  835 0010  878 2122  941 1000 1115 1222
   1215 0010 1218 2122 1234 0001 1239 1101

30 126 157 170 296 301 322 370 413 443 581 676 715 722 728 758 782 835 878 941 1115 1215 1218 1234 1239
#> nbits 2 doc_maxlen 300 kmeans = 4 QueryTokenizer.tensorize(batch_text[0], batch_background[0], bsize) ==


676 Y	 [1] 		 22.8 		
1115 Y	 [2] 		 19.5 		
1218 Y	 [3] 		 18.9 		
1106 	 [4] 		 18.6 		
878 Y	 [5] 		 18.3 		
1107 	 [6] 		 17.6 		
1066 	 [7] 		 17.5 		
30 Y 	 [8] 		 17.3 		
538 	 [9] 		 16.7 		
451 	 [10] 		 16.6 		
126 Y	 [11] 		 16.4 		
551 	 [12] 		 16.4 		
581 Y	 [13] 		 16.3 		
767 	 [14] 		 16.2 		
1171 	 [15] 		 15.9 		
987 	 [16] 		 15.9 		
794 	 [17] 		 15.9 		
1108 	 [18] 		 15.8 		
265 	 [19] 		 15.7 		
912 	 [20] 		 15.6 


126 133 153 181 207 208 220 278 283 286 287 288 290 292 370 443 538 539 540 544 604 643 711 715 731 758 767 791 823 824 882 919 924 928 944 962 970 1066 1080 1115 1168 1189 1213 1215 1234 1239

QN 00020 
QU What is the effect of treatment of CF patients with essential fatty
   acid supplements?
NR 00046
RD  126 2112  133 0002  153 0002  181 0010  207 2122  208 2122  220 2221
    278 2111  283 1100  286 2111  287 2111  288 1100  290 2111  292 2111
    370 0110  443 0010  538 2122  539 2111  540 2222  544 2111  604 0100
    643 0001  711 1210  715 1011  731 0001  758 2222  767 0100  791 0001
    823 2222  824 1001  882 0002  919 1000  924 2222  928 1000  944 0001
    962 2222  970 1001 1066 2222 1080 0010 1115 2222 1168 2222 1189 0001
   1213 2222 1215 2222 1234 1001 1239 1120

540 2222 Y	 [1] 		 21.8 		  
1168 2222 Y	 [2] 		 21.6 		  
758 2222 Y	 [3] 		 18.0 		  
1066 2222 Y	 [4] 		 17.9 		  
962 2222 Y	 [5] 		 17.7 		  
288 1100 Y	 [6] 		 17.6 		  
538 2122 Y	 [7] 		 17.6 		  
1215 2222 Y	 [8] 		 17.5 		  
283 1100 Y	 [9] 		 17.5 		  
292 2111 Y	 [10] 		 17.3 		  
278 2111 Y	 [11] 		 17.1 		  
810      N	 [12] 		 17.0 		  
1107     N	 [13] 		 17.0 		  
924 2222 Y	 [14] 		 17.0 		  
126 2112 Y	 [15] 		 16.9 		  
676      N	 [16] 		 16.9 		  
181 0010 N 	 [17] 		 16.4 		  
89       N 	 [18] 		 16.4 		  
693      N 	 [19] 		 16.3 		  
878      N 	 [20] 		 16.3